2708032219578213317627429435,(0.176777,0)
10135672455290494967022174777,(0.176777,0)
15087432612432016066618671676,(0.176777,0)
15087432612432016066618671678,(0.176777,0)
29749284952718238697455174199,(0.176777,0)
29865341831401243098226967093,(0.176777,0)
29942675304636486032094741039,(0.176777,0)
29942712493272538630550798891,(0.176777,0)
29942713071822961161074197031,(0.176777,0)
29942713078740490188715278885,(0.176777,0)
29942713083280118613104738849,(0.176777,0)
29942713083316147410123702818,(0.176777,0)
29942713083568348989256450600,(0.176777,0)
29942713083568348989256450604,(0.176777,0)
29942713083856579365408162352,(0.176777,0)
29942713083856579365408162354,(0.176777,0)
29942713101724610869820672543,(0.176777,0)
29942713101726862646012037651,(0.176777,0)
29942713101726862652454488593,(0.176777,0)
29942713101726862656749455892,(0.176777,0)
29942713101726862656749455894,(0.176777,0)
29942713101726862669634357784,(0.176777,0)
29942713101726862669634357786,(0.176777,0)
29942713101726862669634357788,(0.176777,0)
29942713101726862686747117069,(0.176777,0)
29942713101726862686780671502,(0.176777,0)
29942713101726862686812128779,(0.176777,0)
29942713101726862686814208773,(0.176777,0)
29942713101726862686814216966,(0.176777,0)
29942713101726862686814224515,(0.176777,0)
29942713101726862686814224897,(0.176777,0)
29942713101726862686814225928,(0.176777,0)
