1594187560849948003060534294083554300476601507579076804735,(0.125,0)
100458539893190170033474217709604300354088699757887620382843,(0.125,0)
102003295398382986002699431512971812011176388793048691376247,(0.125,0)
102027432203151623752218575478649429380818383934223083110515,(0.125,0)
102027807844148457090210223862539873450745227980629008973935,(0.125,0)
102027812333881486970743988584259679555166664363653780996205,(0.125,0)
102027815233500735435255378300370387664272175361023946260587,(0.125,0)
102027815325575338587102262147202532125398005599347696468071,(0.125,0)
102027815327036394206806935517575878536041838792319363711071,(0.125,0)
102027815327036661815749317885053576964661110572657435476061,(0.125,0)
102027815327036834646524606497382923866477723597459106824283,(0.125,0)
102027815327036840110778854513812770161347169736793046384727,(0.125,0)
102027815327036840176113068962632955146315094363692542984277,(0.125,0)
102027815327036840217967800093908386152310171077800032993363,(0.125,0)
102027815327036840218988647194671201542700294900095337627729,(0.125,0)
102027815327036840221710906130038709250407291759549483319384,(0.125,0)
102027815327036840224406580505490518640656212477798022119503,(0.125,0)
102027815327036840224422531241439937631131058162521386254413,(0.125,0)
102027815327036840224433162469257787690700474353755464400965,(0.125,0)
102027815327036840224433163767332002324407381486379546705990,(0.125,0)
102027815327036840224433165064742671425615027307981488390205,(0.125,0)
102027815327036840224433165065059584075672084658355664191550,(0.125,0)
102027815327036840224433165065351737924943434403231857508411,(0.125,0)
102027815327036840224433165065366593205414858966530646999097,(0.125,0)
102027815327036840224433165065405813176854796766216464760887,(0.125,0)
102027815327036840224433165065406045290612162775018008346677,(0.125,0)
102027815327036840224433165065406197615265434218294021324849,(0.125,0)
102027815327036840224433165065406198824191253832923196031026,(0.125,0)
102027815327036840224433165065406216861859754503139491971119,(0.125,0)
102027815327036840224433165065406216918528152297575234535469,(0.125,0)
102027815327036840224433165065406216955716788350173690593321,(0.125,0)
102027815327036840224433165065406216956011936255353043419178,(0.125,0)
102027815327036840224433165065406216958059092501970576080935,(0.125,0)
102027815327036840224433165065406216958077395130856209776673,(0.125,0)
102027815327036840224433165065406216958077467188450247704610,(0.125,0)
102027815327036840224433165065406216958077539246044285632548,(0.125,0)
102027815327036840224433165065406216958114286261650698801181,(0.125,0)
102027815327036840224433165065406216958114287387550605643806,(0.125,0)
102027815327036840224433165065406216958114288425489582264347,(0.125,0)
102027815327036840224433165065406216958114288478266140397593,(0.125,0)
102027815327036840224433165065406216958114288617904117125143,(0.125,0)
102027815327036840224433165065406216958114288619003360315407,(0.125,0)
102027815327036840224433165065406216958114288619003628748801,(0.125,0)
102027815327036840224433165065406216958114288619003628749058,(0.125,0)
102027815327036840224433165065406216958114288619003628749316,(0.125,0)
102027815327036840224433165065406216958114288619003628749318,(0.125,0)
102027815327036840224433165065406216958114288619003628750856,(0.125,0)
102027815327036840224433165065406216958114288619003628750858,(0.125,0)
102027815327036840224433165065406216958114288619003628750860,(0.125,0)
102027815327036840224433165065406216958114288619003628752912,(0.125,0)
102027815327036840224433165065406216958114288619003628752914,(0.125,0)
102027815327036840224433165065406216958114288619003628752916,(0.125,0)
102027815327036840224433165065406216958114288619003629011008,(0.125,0)
102027815327036840224433165065406216958114288619003629011010,(0.125,0)
102027815327036840224433165065406216958114288619003629011016,(0.125,0)
102027815327036840224433165065406216958114288619003629011018,(0.125,0)
102027815327036840224433165065406216958114288619003629011040,(0.125,0)
102027815327036840224433165065406216958114288619003629011042,(0.125,0)
102027815327036840224433165065406216958114288619003629011044,(0.125,0)
102027815327036840224433165065406216958114288619003629011048,(0.125,0)
102027815327036840224433165065406216958114288619003629011056,(0.125,0)
102027815327036840224433165065406216958114288619003629011060,(0.125,0)
102027815327036840224433165065406216958114288619003629011064,(0.125,0)
102027815327036840224433165065406216958114288619003629011068,(0.125,0)
