342,(0.176777,0)
346,(0.176777,0)
357,(0.176777,0)
358,(0.176777,0)
361,(0.176777,0)
362,(0.176777,0)
405,(0.176777,0)
406,(0.176777,0)
409,(0.176777,0)
410,(0.176777,0)
421,(0.176777,0)
422,(0.176777,0)
425,(0.176777,0)
426,(0.176777,0)
597,(0.176777,0)
598,(0.176777,0)
601,(0.176777,0)
602,(0.176777,0)
613,(0.176777,0)
614,(0.176777,0)
617,(0.176777,0)
618,(0.176777,0)
661,(0.176777,0)
662,(0.176777,0)
665,(0.176777,0)
666,(0.176777,0)
677,(0.176777,0)
681,(0.176777,0)
463168356949264781694283940034751631413079938662562256157830336031652518560085,(0.176777,0)
463168356949264781694283940034751631413079938662562256157830336031652518560422,(0.176777,0)
463168356949264781694283940034751631413079938662562256157830336031652518560426,(0.176777,0)
926336713898529563388567880069503262826159877325124512315660672063305037119833,(0.176777,0)
