1366,(0.125,0)
1370,(0.125,0)
1381,(0.125,0)
1382,(0.125,0)
1385,(0.125,0)
1386,(0.125,0)
1429,(0.125,0)
1430,(0.125,0)
1433,(0.125,0)
1434,(0.125,0)
1445,(0.125,0)
1446,(0.125,0)
1449,(0.125,0)
1450,(0.125,0)
1621,(0.125,0)
1622,(0.125,0)
1625,(0.125,0)
1626,(0.125,0)
1637,(0.125,0)
1638,(0.125,0)
1641,(0.125,0)
1642,(0.125,0)
1685,(0.125,0)
1686,(0.125,0)
1689,(0.125,0)
1690,(0.125,0)
1701,(0.125,0)
1702,(0.125,0)
1705,(0.125,0)
1706,(0.125,0)
2389,(0.125,0)
2390,(0.125,0)
2393,(0.125,0)
2394,(0.125,0)
2405,(0.125,0)
2406,(0.125,0)
2409,(0.125,0)
2410,(0.125,0)
2453,(0.125,0)
2454,(0.125,0)
2457,(0.125,0)
2458,(0.125,0)
2469,(0.125,0)
2470,(0.125,0)
2473,(0.125,0)
2474,(0.125,0)
2645,(0.125,0)
2646,(0.125,0)
2649,(0.125,0)
2650,(0.125,0)
2661,(0.125,0)
2662,(0.125,0)
2665,(0.125,0)
2666,(0.125,0)
2709,(0.125,0)
2710,(0.125,0)
2713,(0.125,0)
2714,(0.125,0)
2725,(0.125,0)
2729,(0.125,0)
214524926879081553593184399971293538039669853129478294043576983099548224481176751628829988770670454843040509730983776813660062124991145119142938384097346905,(0.125,0)
429049853758163107186368799942587076079339706258956588087153966199096448962353503257659977541340909686081019461967553627320124249982290238285876768194692437,(0.125,0)
429049853758163107186368799942587076079339706258956588087153966199096448962353503257659977541340909686081019461967553627320124249982290238285876768194693798,(0.125,0)
429049853758163107186368799942587076079339706258956588087153966199096448962353503257659977541340909686081019461967553627320124249982290238285876768194693802,(0.125,0)
